0,1,2000.0,100.0,250.0,0.0,0,900,400,7.5
0,2,2000.0,100.0,250.0,870.0,1,900,400,7.5
0,3,2000.0,100.0,250.0,877.5,1,900,400,7.5
0,4,2000.0,100.0,250.0,877.5,1,900,400,7.5
0,5,2000.0,100.0,250.0,877.5,1,900,400,7.5
0,6,2000.0,100.0,250.0,877.5,1,900,400,7.5
0,7,2000.0,100.0,250.0,870.0,1,900,400,7.5
0,8,2000.0,100.0,250.0,877.5,1,900,400,7.5
0,9,2000.0,100.0,250.0,870.0,1,900,400,7.5
0,10,2000.0,100.0,250.0,877.5,1,900,400,7.5
0,11,2000.0,100.0,250.0,0.0,0,900,400,7.5
0,12,2000.0,100.0,250.0,885.0,1,900,400,7.5
0,13,2000.0,100.0,250.0,7.5,0,900,400,7.5
0,14,2000.0,100.0,250.0,892.5,1,900,400,7.5
0,15,2000.0,100.0,250.0,0.0,0,900,400,7.5
0,16,2000.0,100.0,250.0,870.0,1,900,400,7.5
0,17,2000.0,100.0,250.0,870.0,1,900,400,7.5
0,18,2000.0,100.0,250.0,877.5,1,900,400,7.5
0,19,2000.0,100.0,250.0,0.0,0,900,400,7.5
0,20,2000.0,100.0,250.0,862.5,1,900,400,7.5
0,21,2000.0,100.0,250.0,862.5,1,900,400,7.5
0,22,2000.0,100.0,250.0,0.0,0,900,400,7.5
0,23,2000.0,100.0,250.0,870.0,1,900,400,7.5
0,24,2000.0,100.0,250.0,870.0,1,900,400,7.5
0,25,2000.0,100.0,250.0,870.0,1,900,400,7.5
0,26,2000.0,100.0,250.0,885.0,1,900,400,7.5
0,27,2000.0,100.0,250.0,877.5,1,900,400,7.5
0,28,2000.0,100.0,250.0,870.0,1,900,400,7.5
0,29,2000.0,100.0,250.0,870.0,1,900,400,7.5
0,30,2000.0,100.0,250.0,885.0,1,900,400,7.5
0,31,2000.0,100.0,250.0,870.0,1,900,400,7.5
0,32,2000.0,100.0,250.0,870.0,1,900,400,7.5
0,33,2000.0,100.0,250.0,870.0,1,900,400,7.5
0,34,2000.0,100.0,250.0,877.5,1,900,400,7.5
0,35,2000.0,100.0,250.0,870.0,1,900,400,7.5
0,36,2000.0,100.0,250.0,892.5,1,900,400,7.5
0,37,2000.0,100.0,250.0,877.5,1,900,400,7.5
0,38,2000.0,100.0,250.0,862.5,1,900,400,7.5
0,39,2000.0,100.0,250.0,877.5,1,900,400,7.5
0,40,2000.0,100.0,250.0,870.0,1,900,400,7.5
0,41,2000.0,100.0,250.0,877.5,1,900,400,7.5
0,42,2000.0,100.0,250.0,862.5,1,900,400,7.5
0,43,2000.0,100.0,250.0,892.5,1,900,400,7.5
0,44,2000.0,100.0,250.0,870.0,1,900,400,7.5
0,45,2000.0,100.0,250.0,877.5,1,900,400,7.5
0,46,2000.0,100.0,250.0,885.0,1,900,400,7.5
0,47,2000.0,100.0,250.0,0.0,0,900,400,7.5
0,48,2000.0,100.0,250.0,877.5,1,900,400,7.5
0,49,2000.0,100.0,250.0,885.0,1,900,400,7.5
0,50,2000.0,100.0,250.0,892.5,1,900,400,7.5
1,1,1000.0,100.0,250.0,847.5,1,900,400,15.0
1,2,1000.0,100.0,250.0,847.5,1,900,400,15.0
1,3,1000.0,100.0,250.0,847.5,1,900,400,15.0
1,4,1000.0,100.0,250.0,832.5,1,900,400,15.0
1,5,1000.0,100.0,250.0,832.5,1,900,400,15.0
1,6,1000.0,100.0,250.0,832.5,1,900,400,15.0
1,7,1000.0,100.0,250.0,817.5,1,900,400,15.0
1,8,1000.0,100.0,250.0,877.5,1,900,400,15.0
1,9,1000.0,100.0,250.0,832.5,1,900,400,15.0
1,10,1000.0,100.0,250.0,862.5,1,900,400,15.0
1,11,1000.0,100.0,250.0,862.5,1,900,400,15.0
1,12,1000.0,100.0,250.0,877.5,1,900,400,15.0
1,13,1000.0,100.0,250.0,877.5,1,900,400,15.0
1,14,1000.0,100.0,250.0,862.5,1,900,400,15.0
1,15,1000.0,100.0,250.0,862.5,1,900,400,15.0
1,16,1000.0,100.0,250.0,832.5,1,900,400,15.0
1,17,1000.0,100.0,250.0,862.5,1,900,400,15.0
1,18,1000.0,100.0,250.0,847.5,1,900,400,15.0
1,19,1000.0,100.0,250.0,847.5,1,900,400,15.0
1,20,1000.0,100.0,250.0,847.5,1,900,400,15.0
1,21,1000.0,100.0,250.0,832.5,1,900,400,15.0
1,22,1000.0,100.0,250.0,832.5,1,900,400,15.0
1,23,1000.0,100.0,250.0,847.5,1,900,400,15.0
1,24,1000.0,100.0,250.0,847.5,1,900,400,15.0
1,25,1000.0,100.0,250.0,847.5,1,900,400,15.0
1,26,1000.0,100.0,250.0,832.5,1,900,400,15.0
1,27,1000.0,100.0,250.0,817.5,1,900,400,15.0
1,28,1000.0,100.0,250.0,832.5,1,900,400,15.0
1,29,1000.0,100.0,250.0,862.5,1,900,400,15.0
1,30,1000.0,100.0,250.0,862.5,1,900,400,15.0
1,31,1000.0,100.0,250.0,847.5,1,900,400,15.0
1,32,1000.0,100.0,250.0,877.5,1,900,400,15.0
1,33,1000.0,100.0,250.0,862.5,1,900,400,15.0
1,34,1000.0,100.0,250.0,817.5,1,900,400,15.0
1,35,1000.0,100.0,250.0,802.5,0,900,400,15.0
1,36,1000.0,100.0,250.0,847.5,1,900,400,15.0
1,37,1000.0,100.0,250.0,832.5,1,900,400,15.0
1,38,1000.0,100.0,250.0,847.5,1,900,400,15.0
1,39,1000.0,100.0,250.0,862.5,1,900,400,15.0
1,40,1000.0,100.0,250.0,847.5,1,900,400,15.0
1,41,1000.0,100.0,250.0,847.5,1,900,400,15.0
1,42,1000.0,100.0,250.0,862.5,1,900,400,15.0
1,43,1000.0,100.0,250.0,847.5,1,900,400,15.0
1,44,1000.0,100.0,250.0,847.5,1,900,400,15.0
1,45,1000.0,100.0,250.0,877.5,1,900,400,15.0
1,46,1000.0,100.0,250.0,862.5,1,900,400,15.0
1,47,1000.0,100.0,250.0,862.5,1,900,400,15.0
1,48,1000.0,100.0,250.0,847.5,1,900,400,15.0
1,49,1000.0,100.0,250.0,832.5,1,900,400,15.0
1,50,1000.0,100.0,250.0,832.5,1,900,400,15.0
2,1,1000.0,100.0,0.0,7.5,0,900,400,15.0
2,2,1000.0,100.0,0.0,67.5,0,900,400,15.0
2,3,1000.0,100.0,0.0,862.5,1,900,400,15.0
2,4,1000.0,100.0,0.0,832.5,1,900,400,15.0
2,5,1000.0,100.0,0.0,832.5,1,900,400,15.0
2,6,1000.0,100.0,0.0,847.5,1,900,400,15.0
2,7,1000.0,100.0,0.0,862.5,1,900,400,15.0
2,8,1000.0,100.0,0.0,877.5,1,900,400,15.0
2,9,1000.0,100.0,0.0,847.5,1,900,400,15.0
2,10,1000.0,100.0,0.0,862.5,1,900,400,15.0
2,11,1000.0,100.0,0.0,892.5,1,900,400,15.0
2,12,1000.0,100.0,0.0,892.5,1,900,400,15.0
2,13,1000.0,100.0,0.0,832.5,1,900,400,15.0
2,14,1000.0,100.0,0.0,847.5,1,900,400,15.0
2,15,1000.0,100.0,0.0,877.5,1,900,400,15.0
2,16,1000.0,100.0,0.0,7.5,0,900,400,15.0
2,17,1000.0,100.0,0.0,862.5,1,900,400,15.0
2,18,1000.0,100.0,0.0,877.5,1,900,400,15.0
2,19,1000.0,100.0,0.0,892.5,1,900,400,15.0
2,20,1000.0,100.0,0.0,862.5,1,900,400,15.0
2,21,1000.0,100.0,0.0,832.5,1,900,400,15.0
2,22,1000.0,100.0,0.0,832.5,1,900,400,15.0
2,23,1000.0,100.0,0.0,862.5,1,900,400,15.0
2,24,1000.0,100.0,0.0,847.5,1,900,400,15.0
2,25,1000.0,100.0,0.0,892.5,1,900,400,15.0
2,26,1000.0,100.0,0.0,892.5,1,900,400,15.0
2,27,1000.0,100.0,0.0,862.5,1,900,400,15.0
2,28,1000.0,100.0,0.0,862.5,1,900,400,15.0
2,29,1000.0,100.0,0.0,862.5,1,900,400,15.0
2,30,1000.0,100.0,0.0,7.5,0,900,400,15.0
2,31,1000.0,100.0,0.0,892.5,1,900,400,15.0
2,32,1000.0,100.0,0.0,847.5,1,900,400,15.0
2,33,1000.0,100.0,0.0,862.5,1,900,400,15.0
2,34,1000.0,100.0,0.0,892.5,1,900,400,15.0
2,35,1000.0,100.0,0.0,877.5,1,900,400,15.0
2,36,1000.0,100.0,0.0,847.5,1,900,400,15.0
2,37,1000.0,100.0,0.0,847.5,1,900,400,15.0
2,38,1000.0,100.0,0.0,847.5,1,900,400,15.0
2,39,1000.0,100.0,0.0,832.5,1,900,400,15.0
2,40,1000.0,100.0,0.0,802.5,0,900,400,15.0
2,41,1000.0,100.0,0.0,832.5,1,900,400,15.0
2,42,1000.0,100.0,0.0,817.5,1,900,400,15.0
2,43,1000.0,100.0,0.0,817.5,1,900,400,15.0
2,44,1000.0,100.0,0.0,817.5,1,900,400,15.0
2,45,1000.0,100.0,0.0,817.5,1,900,400,15.0
2,46,1000.0,100.0,0.0,847.5,1,900,400,15.0
2,47,1000.0,100.0,0.0,832.5,1,900,400,15.0
2,48,1000.0,100.0,0.0,877.5,1,900,400,15.0
2,49,1000.0,100.0,0.0,817.5,1,900,400,15.0
2,50,1000.0,100.0,0.0,832.5,1,900,400,15.0
3,1,2000.0,100.0,80.0,45.0,0,900,400,7.5
3,2,2000.0,100.0,80.0,870.0,1,900,400,7.5
3,3,2000.0,100.0,80.0,772.5,0,900,400,7.5
3,4,2000.0,100.0,80.0,7.5,0,900,400,7.5
3,5,2000.0,100.0,80.0,832.5,0,900,400,7.5
3,6,2000.0,100.0,80.0,862.5,1,900,400,7.5
3,7,2000.0,100.0,80.0,877.5,1,900,400,7.5
3,8,2000.0,100.0,80.0,885.0,1,900,400,7.5
3,9,2000.0,100.0,80.0,892.5,1,900,400,7.5
3,10,2000.0,100.0,80.0,802.5,0,900,400,7.5
3,11,2000.0,100.0,80.0,810.0,0,900,400,7.5
3,12,2000.0,100.0,80.0,877.5,1,900,400,7.5
3,13,2000.0,100.0,80.0,817.5,0,900,400,7.5
3,14,2000.0,100.0,80.0,0.0,0,900,400,7.5
3,15,2000.0,100.0,80.0,885.0,1,900,400,7.5
3,16,2000.0,100.0,80.0,855.0,0,900,400,7.5
3,17,2000.0,100.0,80.0,22.5,0,900,400,7.5
3,18,2000.0,100.0,80.0,885.0,1,900,400,7.5
3,19,2000.0,100.0,80.0,892.5,1,900,400,7.5
3,20,2000.0,100.0,80.0,877.5,1,900,400,7.5
3,21,2000.0,100.0,80.0,855.0,0,900,400,7.5
3,22,2000.0,100.0,80.0,832.5,0,900,400,7.5
3,23,2000.0,100.0,80.0,892.5,1,900,400,7.5
3,24,2000.0,100.0,80.0,855.0,0,900,400,7.5
3,25,2000.0,100.0,80.0,7.5,0,900,400,7.5
3,26,2000.0,100.0,80.0,22.5,0,900,400,7.5
3,27,2000.0,100.0,80.0,862.5,1,900,400,7.5
3,28,2000.0,100.0,80.0,840.0,0,900,400,7.5
3,29,2000.0,100.0,80.0,780.0,0,900,400,7.5
3,30,2000.0,100.0,80.0,847.5,0,900,400,7.5
3,31,2000.0,100.0,80.0,885.0,1,900,400,7.5
3,32,2000.0,100.0,80.0,840.0,0,900,400,7.5
3,33,2000.0,100.0,80.0,870.0,1,900,400,7.5
3,34,2000.0,100.0,80.0,892.5,1,900,400,7.5
3,35,2000.0,100.0,80.0,885.0,1,900,400,7.5
3,36,2000.0,100.0,80.0,892.5,1,900,400,7.5
3,37,2000.0,100.0,80.0,840.0,0,900,400,7.5
3,38,2000.0,100.0,80.0,885.0,1,900,400,7.5
3,39,2000.0,100.0,80.0,862.5,1,900,400,7.5
3,40,2000.0,100.0,80.0,7.5,0,900,400,7.5
3,41,2000.0,100.0,80.0,840.0,0,900,400,7.5
3,42,2000.0,100.0,80.0,832.5,0,900,400,7.5
3,43,2000.0,100.0,80.0,825.0,0,900,400,7.5
3,44,2000.0,100.0,80.0,862.5,1,900,400,7.5
3,45,2000.0,100.0,80.0,847.5,0,900,400,7.5
3,46,2000.0,100.0,80.0,795.0,0,900,400,7.5
3,47,2000.0,100.0,80.0,862.5,1,900,400,7.5
3,48,2000.0,100.0,80.0,885.0,1,900,400,7.5
3,49,2000.0,100.0,80.0,795.0,0,900,400,7.5
3,50,2000.0,100.0,80.0,870.0,1,900,400,7.5
4,1,1000.0,100.0,80.0,825.0,1,900,400,15.0
4,2,1000.0,100.0,80.0,825.0,1,900,400,15.0
4,3,1000.0,100.0,80.0,870.0,1,900,400,15.0
4,4,1000.0,100.0,80.0,0.0,0,900,400,15.0
4,5,1000.0,100.0,80.0,825.0,1,900,400,15.0
4,6,1000.0,100.0,80.0,840.0,1,900,400,15.0
4,7,1000.0,100.0,80.0,840.0,1,900,400,15.0
4,8,1000.0,100.0,80.0,855.0,1,900,400,15.0
4,9,1000.0,100.0,80.0,855.0,1,900,400,15.0
4,10,1000.0,100.0,80.0,840.0,1,900,400,15.0
4,11,1000.0,100.0,80.0,795.0,0,900,400,15.0
4,12,1000.0,100.0,80.0,795.0,0,900,400,15.0
4,13,1000.0,100.0,80.0,15.0,0,900,400,15.0
4,14,1000.0,100.0,80.0,840.0,1,900,400,15.0
4,15,1000.0,100.0,80.0,795.0,0,900,400,15.0
4,16,1000.0,100.0,80.0,825.0,1,900,400,15.0
4,17,1000.0,100.0,80.0,885.0,1,900,400,15.0
4,18,1000.0,100.0,80.0,855.0,1,900,400,15.0
4,19,1000.0,100.0,80.0,885.0,1,900,400,15.0
4,20,1000.0,100.0,80.0,885.0,1,900,400,15.0
4,21,1000.0,100.0,80.0,870.0,1,900,400,15.0
4,22,1000.0,100.0,80.0,855.0,1,900,400,15.0
4,23,1000.0,100.0,80.0,825.0,1,900,400,15.0
4,24,1000.0,100.0,80.0,855.0,1,900,400,15.0
4,25,1000.0,100.0,80.0,855.0,1,900,400,15.0
4,26,1000.0,100.0,80.0,870.0,1,900,400,15.0
4,27,1000.0,100.0,80.0,825.0,1,900,400,15.0
4,28,1000.0,100.0,80.0,810.0,0,900,400,15.0
4,29,1000.0,100.0,80.0,795.0,0,900,400,15.0
4,30,1000.0,100.0,80.0,885.0,1,900,400,15.0
4,31,1000.0,100.0,80.0,870.0,1,900,400,15.0
4,32,1000.0,100.0,80.0,870.0,1,900,400,15.0
4,33,1000.0,100.0,80.0,855.0,1,900,400,15.0
4,34,1000.0,100.0,80.0,855.0,1,900,400,15.0
4,35,1000.0,100.0,80.0,885.0,1,900,400,15.0
4,36,1000.0,100.0,80.0,840.0,1,900,400,15.0
4,37,1000.0,100.0,80.0,825.0,1,900,400,15.0
4,38,1000.0,100.0,80.0,840.0,1,900,400,15.0
4,39,1000.0,100.0,80.0,825.0,1,900,400,15.0
4,40,1000.0,100.0,80.0,840.0,1,900,400,15.0
4,41,1000.0,100.0,80.0,825.0,1,900,400,15.0
4,42,1000.0,100.0,80.0,840.0,1,900,400,15.0
4,43,1000.0,100.0,80.0,840.0,1,900,400,15.0
4,44,1000.0,100.0,80.0,825.0,1,900,400,15.0
4,45,1000.0,100.0,80.0,870.0,1,900,400,15.0
4,46,1000.0,100.0,80.0,825.0,1,900,400,15.0
4,47,1000.0,100.0,80.0,810.0,0,900,400,15.0
4,48,1000.0,100.0,80.0,870.0,1,900,400,15.0
4,49,1000.0,100.0,80.0,870.0,1,900,400,15.0
4,50,1000.0,100.0,80.0,855.0,1,900,400,15.0
5,1,2000.0,100.0,0.0,870.0,1,900,400,7.5
5,2,2000.0,100.0,0.0,847.5,0,900,400,7.5
5,3,2000.0,100.0,0.0,847.5,0,900,400,7.5
5,4,2000.0,100.0,0.0,877.5,1,900,400,7.5
5,5,2000.0,100.0,0.0,855.0,0,900,400,7.5
5,6,2000.0,100.0,0.0,862.5,1,900,400,7.5
5,7,2000.0,100.0,0.0,885.0,1,900,400,7.5
5,8,2000.0,100.0,0.0,862.5,1,900,400,7.5
5,9,2000.0,100.0,0.0,847.5,0,900,400,7.5
5,10,2000.0,100.0,0.0,802.5,0,900,400,7.5
5,11,2000.0,100.0,0.0,832.5,0,900,400,7.5
5,12,2000.0,100.0,0.0,847.5,0,900,400,7.5
5,13,2000.0,100.0,0.0,892.5,1,900,400,7.5
5,14,2000.0,100.0,0.0,870.0,1,900,400,7.5
5,15,2000.0,100.0,0.0,22.5,0,900,400,7.5
5,16,2000.0,100.0,0.0,30.0,0,900,400,7.5
5,17,2000.0,100.0,0.0,855.0,0,900,400,7.5
5,18,2000.0,100.0,0.0,862.5,1,900,400,7.5
5,19,2000.0,100.0,0.0,825.0,0,900,400,7.5
5,20,2000.0,100.0,0.0,847.5,0,900,400,7.5
5,21,2000.0,100.0,0.0,0.0,0,900,400,7.5
5,22,2000.0,100.0,0.0,862.5,1,900,400,7.5
5,23,2000.0,100.0,0.0,832.5,0,900,400,7.5
5,24,2000.0,100.0,0.0,847.5,0,900,400,7.5
5,25,2000.0,100.0,0.0,862.5,1,900,400,7.5
5,26,2000.0,100.0,0.0,855.0,0,900,400,7.5
5,27,2000.0,100.0,0.0,877.5,1,900,400,7.5
5,28,2000.0,100.0,0.0,817.5,0,900,400,7.5
5,29,2000.0,100.0,0.0,7.5,0,900,400,7.5
5,30,2000.0,100.0,0.0,855.0,0,900,400,7.5
5,31,2000.0,100.0,0.0,855.0,0,900,400,7.5
5,32,2000.0,100.0,0.0,870.0,1,900,400,7.5
5,33,2000.0,100.0,0.0,855.0,0,900,400,7.5
5,34,2000.0,100.0,0.0,832.5,0,900,400,7.5
5,35,2000.0,100.0,0.0,870.0,1,900,400,7.5
5,36,2000.0,100.0,0.0,825.0,0,900,400,7.5
5,37,2000.0,100.0,0.0,855.0,0,900,400,7.5
5,38,2000.0,100.0,0.0,877.5,1,900,400,7.5
5,39,2000.0,100.0,0.0,877.5,1,900,400,7.5
5,40,2000.0,100.0,0.0,862.5,1,900,400,7.5
5,41,2000.0,100.0,0.0,885.0,1,900,400,7.5
5,42,2000.0,100.0,0.0,870.0,1,900,400,7.5
5,43,2000.0,100.0,0.0,877.5,1,900,400,7.5
5,44,2000.0,100.0,0.0,825.0,0,900,400,7.5
5,45,2000.0,100.0,0.0,15.0,0,900,400,7.5
5,46,2000.0,100.0,0.0,877.5,1,900,400,7.5
5,47,2000.0,100.0,0.0,892.5,1,900,400,7.5
5,48,2000.0,100.0,0.0,862.5,1,900,400,7.5
5,49,2000.0,100.0,0.0,825.0,0,900,400,7.5
5,50,2000.0,100.0,0.0,817.5,0,900,400,7.5
