0,1,300.0,30,4284
0,2,300.0,30,250
0,3,300.0,30,264
0,4,300.0,30,271
0,5,300.0,30,330
0,6,300.0,30,286
0,7,300.0,30,280
0,8,300.0,30,285
0,9,300.0,30,299
0,10,300.0,30,301
0,11,300.0,30,283
0,12,300.0,30,284
0,13,300.0,30,299
0,14,300.0,30,317
0,15,300.0,30,283
0,16,300.0,30,267
0,17,300.0,30,367
0,18,300.0,30,334
0,19,300.0,30,282
0,20,300.0,30,301
0,21,300.0,30,301
0,22,300.0,30,298
0,23,300.0,30,302
0,24,300.0,30,299
0,25,300.0,30,284
0,26,300.0,30,298
0,27,300.0,30,302
0,28,300.0,30,282
0,29,300.0,30,300
0,30,300.0,30,300
0,31,300.0,30,300
0,32,300.0,30,299
0,33,300.0,30,285
0,34,300.0,30,301
0,35,300.0,30,282
0,36,300.0,30,283
0,37,300.0,30,301
0,38,300.0,30,315
0,39,300.0,30,300
0,40,300.0,30,286
0,41,300.0,30,299
0,42,300.0,30,265
0,43,300.0,30,318
0,44,300.0,30,301
0,45,300.0,30,282
0,46,300.0,30,300
0,47,300.0,30,301
0,48,300.0,30,283
0,49,300.0,30,266
0,50,300.0,30,299
0,51,300.0,30,284
0,52,300.0,30,249
0,53,300.0,30,302
0,54,300.0,30,282
1,1,1100.0,30,284
1,2,1100.0,30,2483
1,3,1100.0,30,1118
1,4,1100.0,30,1283
1,5,1100.0,30,1018
1,6,1100.0,30,1147
1,7,1100.0,30,1087
1,8,1100.0,30,1150
1,9,1100.0,30,1131
1,10,1100.0,30,1102
1,11,1100.0,30,1081
1,12,1100.0,30,1036
1,13,1100.0,30,1134
1,14,1100.0,30,1133
1,15,1100.0,30,1083
1,16,1100.0,30,1014
1,17,1100.0,30,1051
1,18,1100.0,30,1184
1,19,1100.0,30,1101
1,20,1100.0,30,1100
1,21,1100.0,30,1151
1,22,1100.0,30,1083
1,23,1100.0,30,1083
1,24,1100.0,30,1099
1,25,1100.0,30,1183
1,26,1100.0,30,1152
1,27,1100.0,30,1134
1,28,1100.0,30,1133
1,29,1100.0,30,1082
1,30,1100.0,30,1050
1,31,1100.0,30,1201
1,32,1100.0,30,1167
1,33,1100.0,30,1201
1,34,1100.0,30,1150
1,35,1100.0,30,1097
1,36,1100.0,30,1153
1,37,1100.0,30,1084
1,38,1100.0,30,1232
1,39,1100.0,30,1183
1,40,1100.0,30,1183
1,41,1100.0,30,1169
1,42,1100.0,30,1167
1,43,1100.0,30,1115
1,44,1100.0,30,1151
1,45,1100.0,30,1114
1,46,1100.0,30,1203
1,47,1100.0,30,1118
1,48,1100.0,30,1249
1,49,1100.0,30,1164
1,50,1100.0,30,1303
1,51,1100.0,30,1232
1,52,1100.0,30,1349
1,53,1100.0,30,1219
1,54,1100.0,30,1184
2,1,900.0,30,2283
2,2,900.0,30,783
2,3,900.0,30,900
2,4,900.0,30,1017
2,5,900.0,30,850
2,6,900.0,30,883
2,7,900.0,30,951
2,8,900.0,30,916
2,9,900.0,30,934
2,10,900.0,30,816
2,11,900.0,30,900
2,12,900.0,30,932
2,13,900.0,30,884
2,14,900.0,30,917
2,15,900.0,30,885
2,16,900.0,30,898
2,17,900.0,30,867
2,18,900.0,30,901
2,19,900.0,30,968
2,20,900.0,30,849
2,21,900.0,30,900
2,22,900.0,30,934
2,23,900.0,30,866
2,24,900.0,30,867
2,25,900.0,30,950
2,26,900.0,30,899
2,27,900.0,30,968
2,28,900.0,30,966
2,29,900.0,30,933
2,30,900.0,30,902
2,31,900.0,30,900
2,32,900.0,30,864
2,33,900.0,30,869
2,34,900.0,30,931
2,35,900.0,30,933
2,36,900.0,30,936
2,37,900.0,30,933
2,38,900.0,30,931
2,39,900.0,30,934
2,40,900.0,30,917
2,41,900.0,30,899
2,42,900.0,30,951
2,43,900.0,30,901
2,44,900.0,30,834
2,45,900.0,30,882
2,46,900.0,30,919
2,47,900.0,30,900
2,48,900.0,30,851
2,49,900.0,30,849
2,50,900.0,30,865
2,51,900.0,30,835
2,52,900.0,30,916
2,53,900.0,30,899
2,54,900.0,30,951
3,1,700.0,30,1898
3,2,700.0,30,620
3,3,700.0,30,867
3,4,700.0,30,515
3,5,700.0,30,702
3,6,700.0,30,750
3,7,700.0,30,697
3,8,700.0,30,702
3,9,700.0,30,719
3,10,700.0,30,729
3,11,700.0,30,736
3,12,700.0,30,716
3,13,700.0,30,667
3,14,700.0,30,701
3,15,700.0,30,667
3,16,700.0,30,766
3,17,700.0,30,682
3,18,700.0,30,685
3,19,700.0,30,667
3,20,700.0,30,684
3,21,700.0,30,730
3,22,700.0,30,685
3,23,700.0,30,716
3,24,700.0,30,685
3,25,700.0,30,699
3,26,700.0,30,734
3,27,700.0,30,716
3,28,700.0,30,700
3,29,700.0,30,701
3,30,700.0,30,699
3,31,700.0,30,667
3,32,700.0,30,684
3,33,700.0,30,701
3,34,700.0,30,698
3,35,700.0,30,719
3,36,700.0,30,683
3,37,700.0,30,731
3,38,700.0,30,701
3,39,700.0,30,667
3,40,700.0,30,685
3,41,700.0,30,665
3,42,700.0,30,700
3,43,700.0,30,684
3,44,700.0,30,714
3,45,700.0,30,668
3,46,700.0,30,699
3,47,700.0,30,671
3,48,700.0,30,748
3,49,700.0,30,717
3,50,700.0,30,682
3,51,700.0,30,716
3,52,700.0,30,701
3,53,700.0,30,783
3,54,700.0,30,716
4,1,500.0,30,3520
4,2,500.0,30,482
4,3,500.0,30,468
4,4,500.0,30,483
4,5,500.0,30,466
4,6,500.0,30,516
4,7,500.0,30,450
4,8,500.0,30,485
4,9,500.0,30,516
4,10,500.0,30,484
4,11,500.0,30,484
4,12,500.0,30,499
4,13,500.0,30,517
4,14,500.0,30,483
4,15,500.0,30,467
4,16,500.0,30,517
4,17,500.0,30,516
4,18,500.0,30,467
4,19,500.0,30,516
4,20,500.0,30,533
4,21,500.0,30,501
4,22,500.0,30,498
4,23,500.0,30,502
4,24,500.0,30,498
4,25,500.0,30,568
4,26,500.0,30,467
4,27,500.0,30,483
4,28,500.0,30,500
4,29,500.0,30,500
4,30,500.0,30,516
4,31,500.0,30,485
4,32,500.0,30,466
4,33,500.0,30,483
4,34,500.0,30,501
4,35,500.0,30,482
4,36,500.0,30,450
4,37,500.0,30,485
4,38,500.0,30,500
4,39,500.0,30,515
4,40,500.0,30,501
4,41,500.0,30,466
4,42,500.0,30,499
4,43,500.0,30,469
4,44,500.0,30,465
4,45,500.0,30,484
4,46,500.0,30,502
4,47,500.0,30,497
4,48,500.0,30,537
4,49,500.0,30,482
4,50,500.0,30,484
4,51,500.0,30,464
4,52,500.0,30,485
4,53,500.0,30,483
4,54,500.0,30,500
